#koszt poszczgolnego procesu
1;3;3;3;3;3;3;3;3;10;10;10;10;5;5;5;5;1

#macierz procesow - jesli zależa to wartość = wadze krawędzi
;1;1;1;1;1;1;1;1;;;;;;;;;
;;;;;;;;;1;;;;;;;;
;;;;;;;;;1;;;;;;;;
;;;;;;;;;;1;;;;;;;
;;;;;;;;;;1;;;;;;;
;;;;;;;;;;;1;;;;;;
;;;;;;;;;;;1;;;;;;
;;;;;;;;;;;;1;;;;;
;;;;;;;;;;;;1;;;;;
;;;;;;;;;;;;;1;1;1;1;
;;;;;;;;;;;;;1;1;1;1;
;;;;;;;;;;;;;1;1;1;1;
;;;;;;;;;;;;;1;1;1;1;
;;;;;;;;;;;;;;;;;1
;;;;;;;;;;;;;;;;;1
;;;;;;;;;;;;;;;;;1
;;;;;;;;;;;;;;;;;1
;;;;;;;;;;;;;;;;;

#liczba procesorów
8

#koszt/mnożna zmiany procesora
;1;1;1;1;1;1;1
1;;1;1;1;1;1;1
1;1;;1;1;1;1;1
1;1;1;;1;1;1;1
1;1;1;1;;1;1;1
1;1;1;1;1;;1;1
1;1;1;1;1;1;;1
1;1;1;1;1;1;1;
