#koszt poszczgolnego procesu
8;4;4;4;4;4;6;3;3;3;3;4;2;2;2;2;1;1

#macierz procesow - jesli zależa to wartość = wadze krawędzi
;12;12;12;12;12;12;;;;;;;;;;;
;;;;;;;;;;;;;;;;;
;;;;;;8;8;;;;;;;;;;
;;;;;;;;8;;;;;;;;;
;;;;;;;;;8;;;;;;;;
;;;;;;;;;;8;;;;;;;
;;;;;;;12;12;12;12;12;;;;;;
;;;;;;;;;;;;;;;;;
;;;;;;;;;;;8;8;;;;;
;;;;;;;;;;;;;8;;;;
;;;;;;;;;;;;;;8;;;
;;;;;;;;;;;;12;12;12;12;;
;;;;;;;;;;;;;;;;;
;;;;;;;;;;;;;;;8;8;
;;;;;;;;;;;;;;;;;8
;;;;;;;;;;;;;;;;12;12
;;;;;;;;;;;;;;;;;
;;;;;;;;;;;;;;;;;

#liczba procesorów
2

#koszt/mnożna zmiany procesora
;1
1;
