#koszt poszczgolnego modulu
1;1;1;1;1;1;1;1;1;1;1;1;1;1;1

#macierz modulów - jesli zależa to wartość = wadze krawędzi
;1;1;;;;;;;;;;;;
;;;1;1;;;;;;;;;;
;;;;;1;1;;;;;;;;
;;;;;;;1;1;;;;;;
;;;;;;;;;1;1;;;;
;;;;;;;;;;;1;1;;
;;;;;;;;;;;;;1;1
;;;;;;;;;;;;;;
;;;;;;;;;;;;;;
;;;;;;;;;;;;;;
;;;;;;;;;;;;;;
;;;;;;;;;;;;;;
;;;;;;;;;;;;;;
;;;;;;;;;;;;;;
;;;;;;;;;;;;;;

#liczba procesorów
8

#koszt/mnożna zmiany procesora
;1;1;1;1;1;1;1
1;;1;1;1;1;1;1
1;1;;1;1;1;1;1
1;1;1;;1;1;1;1
1;1;1;1;;1;1;1
1;1;1;1;1;;1;1
1;1;1;1;1;1;;1
1;1;1;1;1;1;1;


